72.33333333333333
62.666666666666664
70.0
47.666666666666664
73.0
40.0
30.0
56.0
69.66666666666667
65.33333333333333
67.66666666666667
60.0
81.33333333333333
74.66666666666667
35.333333333333336
63.333333333333336
68.0
40.666666666666664
49.333333333333336
68.0
69.0
64.33333333333333
44.666666666666664
62.333333333333336
51.0
62.0
58.666666666666664
72.66666666666667
83.66666666666667
57.666666666666664
78.33333333333333
55.333333333333336
40.0
45.333333333333336
70.0
66.66666666666667
61.666666666666664
52.0
88.0
59.0
53.0
62.666666666666664
47.666666666666664
46.0
32.666666666666664
62.333333333333336
75.0
72.0
64.66666666666667
50.333333333333336
80.33333333333333
55.0
37.0
60.0
45.0
69.0
61.333333333333336
42.666666666666664
84.0
74.33333333333333
51.333333333333336
58.78688524590164 60.131147540983605 61.26229508196721